2187 400 400
354 377 -1 1
353 377 -1 1
352 377 -1 1
351 377 -1 1
350 377 -1 1
349 377 -1 1
348 377 -1 1
347 377 -1 1
346 377 -1 1
345 377 -1 1
344 377 -1 1
343 377 -1 1
342 377 -1 1
357 376 -1 1
356 376 -1 1
355 376 -1 1
354 376 -1 1
353 376 -1 1
352 376 -1 1
351 376 -1 1
350 376 -1 1
349 376 -1 1
348 376 -1 1
347 376 -1 1
346 376 -1 1
345 376 -1 1
344 376 -1 1
343 376 -1 1
342 376 -1 1
341 376 -1 1
340 376 -1 1
339 376 -1 1
359 375 -1 1
358 375 -1 1
357 375 -1 1
356 375 -1 1
355 375 -1 1
354 375 -1 1
353 375 -1 1
352 375 -1 1
351 375 -1 1
350 375 -1 1
349 375 -1 1
348 375 -1 1
347 375 -1 1
346 375 -1 1
345 375 -1 1
344 375 -1 1
343 375 -1 1
342 375 -1 1
341 375 -1 1
340 375 -1 1
339 375 -1 1
338 375 -1 1
337 375 -1 1
336 375 -1 1
360 374 -1 1
359 374 -1 1
358 374 -1 1
357 374 -1 1
356 374 -1 1
355 374 -1 1
354 374 -1 1
353 374 -1 1
352 374 -1 1
351 374 -1 1
350 374 -1 1
349 374 -1 1
348 374 -1 1
347 374 -1 1
346 374 -1 1
345 374 -1 1
344 374 -1 1
343 374 -1 1
342 374 -1 1
341 374 -1 1
340 374 -1 1
339 374 -1 1
338 374 -1 1
337 374 -1 1
336 374 -1 1
335 374 -1 1
361 373 -1 1
360 373 -1 1
359 373 -1 1
358 373 -1 1
357 373 -1 1
356 373 -1 1
355 373 -1 1
354 373 -1 1
353 373 -1 1
352 373 -1 1
351 373 -1 1
350 373 -1 1
349 373 -1 1
348 373 -1 1
347 373 -1 1
346 373 -1 1
345 373 -1 1
344 373 -1 1
343 373 -1 1
342 373 -1 1
341 373 -1 1
340 373 -1 1
339 373 -1 1
338 373 -1 1
337 373 -1 1
336 373 -1 1
335 373 -1 1
362 372 -1 1
361 372 -1 1
360 372 -1 1
359 372 -1 1
358 372 -1 1
357 372 -1 1
356 372 -1 1
355 372 -1 1
354 372 -1 1
353 372 -1 1
352 372 -1 1
351 372 -1 1
350 372 -1 1
349 372 -1 1
348 372 -1 1
347 372 -1 1
346 372 -1 1
345 372 -1 1
344 372 -1 1
343 372 -1 1
342 372 -1 1
341 372 -1 1
340 372 -1 1
339 372 -1 1
338 372 -1 1
337 372 -1 1
336 372 -1 1
335 372 -1 1
362 371 -1 1
361 371 -1 1
360 371 -1 1
359 371 -1 1
358 371 -1 1
357 371 -1 1
356 371 -1 1
355 371 -1 1
354 371 -1 1
353 371 -1 1
352 371 -1 1
351 371 -1 1
350 371 -1 1
349 371 -1 1
348 371 -1 1
347 371 -1 1
346 371 -1 1
345 371 -1 1
344 371 -1 1
343 371 -1 1
342 371 -1 1
341 371 -1 1
340 371 -1 1
339 371 -1 1
338 371 -1 1
337 371 -1 1
336 371 -1 1
335 371 -1 1
334 371 -1 1
362 370 -1 1
361 370 -1 1
360 370 -1 1
359 370 -1 1
358 370 -1 1
357 370 -1 1
356 370 -1 1
355 370 -1 1
354 370 -1 1
353 370 -1 1
352 370 -1 1
351 370 -1 1
350 370 -1 1
349 370 -1 1
348 370 -1 1
347 370 -1 1
346 370 -1 1
345 370 -1 1
344 370 -1 1
343 370 -1 1
342 370 -1 1
341 370 -1 1
340 370 -1 1
339 370 -1 1
338 370 -1 1
337 370 -1 1
336 370 -1 1
335 370 -1 1
363 369 -1 1
362 369 -1 1
361 369 -1 1
360 369 -1 1
359 369 -1 1
358 369 -1 1
357 369 -1 1
356 369 -1 1
355 369 -1 1
354 369 -1 1
353 369 -1 1
352 369 -1 1
351 369 -1 1
350 369 -1 1
349 369 -1 1
348 369 -1 1
347 369 -1 1
346 369 -1 1
345 369 -1 1
344 369 -1 1
343 369 -1 1
342 369 -1 1
341 369 -1 1
340 369 -1 1
339 369 -1 1
338 369 -1 1
337 369 -1 1
336 369 -1 1
335 369 -1 1
363 368 -1 1
362 368 -1 1
361 368 -1 1
360 368 -1 1
359 368 -1 1
358 368 -1 1
357 368 -1 1
356 368 -1 1
355 368 -1 1
354 368 -1 1
353 368 -1 1
352 368 -1 1
351 368 -1 1
350 368 -1 1
349 368 -1 1
348 368 -1 1
347 368 -1 1
346 368 -1 1
345 368 -1 1
344 368 -1 1
343 368 -1 1
342 368 -1 1
341 368 -1 1
340 368 -1 1
339 368 -1 1
338 368 -1 1
337 368 -1 1
336 368 -1 1
335 368 -1 1
363 367 -1 1
362 367 -1 1
361 367 -1 1
360 367 -1 1
359 367 -1 1
358 367 -1 1
357 367 -1 1
356 367 -1 1
355 367 -1 1
354 367 -1 1
353 367 -1 1
352 367 -1 1
351 367 -1 1
350 367 -1 1
349 367 -1 1
348 367 -1 1
347 367 -1 1
346 367 -1 1
345 367 -1 1
344 367 -1 1
343 367 -1 1
342 367 -1 1
341 367 -1 1
340 367 -1 1
339 367 -1 1
338 367 -1 1
337 367 -1 1
336 367 -1 1
363 366 -1 1
362 366 -1 1
361 366 -1 1
360 366 -1 1
359 366 -1 1
358 366 -1 1
357 366 -1 1
356 366 -1 1
355 366 -1 1
354 366 -1 1
353 366 -1 1
342 366 -1 1
341 366 -1 1
340 366 -1 1
339 366 -1 1
363 365 -1 1
362 365 -1 1
361 365 -1 1
360 365 -1 1
359 365 -1 1
358 365 -1 1
357 365 -1 1
356 365 -1 1
355 365 -1 1
354 365 -1 1
353 365 -1 1
363 364 -1 1
362 364 -1 1
361 364 -1 1
360 364 -1 1
359 364 -1 1
358 364 -1 1
357 364 -1 1
356 364 -1 1
355 364 -1 1
354 364 -1 1
353 364 -1 1
363 363 -1 1
362 363 -1 1
361 363 -1 1
360 363 -1 1
359 363 -1 1
358 363 -1 1
357 363 -1 1
356 363 -1 1
355 363 -1 1
354 363 -1 1
353 363 -1 1
363 362 -1 1
362 362 -1 1
361 362 -1 1
360 362 -1 1
359 362 -1 1
358 362 -1 1
357 362 -1 1
356 362 -1 1
355 362 -1 1
354 362 -1 1
353 362 -1 1
363 361 -1 1
362 361 -1 1
361 361 -1 1
360 361 -1 1
359 361 -1 1
358 361 -1 1
357 361 -1 1
356 361 -1 1
355 361 -1 1
354 361 -1 1
353 361 -1 1
363 360 -1 1
362 360 -1 1
361 360 -1 1
360 360 -1 1
359 360 -1 1
358 360 -1 1
357 360 -1 1
356 360 -1 1
355 360 -1 1
354 360 -1 1
353 360 -1 1
363 359 -1 1
362 359 -1 1
361 359 -1 1
360 359 -1 1
359 359 -1 1
358 359 -1 1
357 359 -1 1
356 359 -1 1
355 359 -1 1
354 359 -1 1
353 359 -1 1
363 358 -1 1
362 358 -1 1
361 358 -1 1
360 358 -1 1
359 358 -1 1
358 358 -1 1
357 358 -1 1
356 358 -1 1
355 358 -1 1
354 358 -1 1
353 358 -1 1
364 357 -1 1
363 357 -1 1
362 357 -1 1
361 357 -1 1
360 357 -1 1
359 357 -1 1
358 357 -1 1
357 357 -1 1
356 357 -1 1
355 357 -1 1
354 357 -1 1
353 357 -1 1
364 356 -1 1
363 356 -1 1
362 356 -1 1
361 356 -1 1
360 356 -1 1
359 356 -1 1
358 356 -1 1
357 356 -1 1
356 356 -1 1
355 356 -1 1
354 356 -1 1
364 355 -1 1
363 355 -1 1
362 355 -1 1
361 355 -1 1
360 355 -1 1
359 355 -1 1
358 355 -1 1
357 355 -1 1
356 355 -1 1
355 355 -1 1
354 355 -1 1
365 354 -1 1
364 354 -1 1
363 354 -1 1
362 354 -1 1
361 354 -1 1
360 354 -1 1
359 354 -1 1
358 354 -1 1
357 354 -1 1
356 354 -1 1
355 354 -1 1
354 354 -1 1
365 353 -1 1
364 353 -1 1
363 353 -1 1
362 353 -1 1
361 353 -1 1
360 353 -1 1
359 353 -1 1
358 353 -1 1
357 353 -1 1
356 353 -1 1
355 353 -1 1
354 353 -1 1
365 352 -1 1
364 352 -1 1
363 352 -1 1
362 352 -1 1
361 352 -1 1
360 352 -1 1
359 352 -1 1
358 352 -1 1
357 352 -1 1
356 352 -1 1
355 352 -1 1
366 351 -1 1
365 351 -1 1
364 351 -1 1
363 351 -1 1
362 351 -1 1
361 351 -1 1
360 351 -1 1
359 351 -1 1
358 351 -1 1
357 351 -1 1
356 351 -1 1
355 351 -1 1
365 350 -1 1
364 350 -1 1
363 350 -1 1
362 350 -1 1
361 350 -1 1
360 350 -1 1
359 350 -1 1
358 350 -1 1
357 350 -1 1
356 350 -1 1
355 350 -1 1
365 349 -1 1
364 349 -1 1
363 349 -1 1
362 349 -1 1
361 349 -1 1
360 349 -1 1
359 349 -1 1
358 349 -1 1
357 349 -1 1
356 349 -1 1
365 348 -1 1
364 348 -1 1
363 348 -1 1
362 348 -1 1
361 348 -1 1
360 348 -1 1
359 348 -1 1
358 348 -1 1
357 348 -1 1
356 348 -1 1
364 347 -1 1
363 347 -1 1
362 347 -1 1
361 347 -1 1
360 347 -1 1
359 347 -1 1
358 347 -1 1
357 347 -1 1
361 346 -1 1
360 346 -1 1
11 231 -1 1
14 230 -1 1
13 230 -1 1
12 230 -1 1
11 230 -1 1
10 230 -1 1
9 230 -1 1
8 230 -1 1
15 229 -1 1
14 229 -1 1
13 229 -1 1
12 229 -1 1
11 229 -1 1
10 229 -1 1
9 229 -1 1
8 229 -1 1
7 229 -1 1
15 228 -1 1
14 228 -1 1
13 228 -1 1
12 228 -1 1
11 228 -1 1
10 228 -1 1
9 228 -1 1
8 228 -1 1
7 228 -1 1
16 227 -1 1
15 227 -1 1
14 227 -1 1
13 227 -1 1
12 227 -1 1
11 227 -1 1
10 227 -1 1
9 227 -1 1
8 227 -1 1
7 227 -1 1
17 226 -1 1
16 226 -1 1
15 226 -1 1
14 226 -1 1
13 226 -1 1
12 226 -1 1
11 226 -1 1
10 226 -1 1
9 226 -1 1
8 226 -1 1
7 226 -1 1
6 226 -1 1
17 225 -1 1
16 225 -1 1
15 225 -1 1
14 225 -1 1
13 225 -1 1
12 225 -1 1
11 225 -1 1
10 225 -1 1
9 225 -1 1
8 225 -1 1
7 225 -1 1
18 224 -1 1
17 224 -1 1
16 224 -1 1
15 224 -1 1
14 224 -1 1
13 224 -1 1
12 224 -1 1
11 224 -1 1
10 224 -1 1
9 224 -1 1
8 224 -1 1
7 224 -1 1
158 223 -1 1
157 223 -1 1
18 223 -1 1
17 223 -1 1
16 223 -1 1
15 223 -1 1
14 223 -1 1
13 223 -1 1
12 223 -1 1
11 223 -1 1
10 223 -1 1
9 223 -1 1
8 223 -1 1
7 223 -1 1
6 223 -1 1
161 222 -1 1
160 222 -1 1
159 222 -1 1
158 222 -1 1
157 222 -1 1
156 222 -1 1
155 222 -1 1
154 222 -1 1
19 222 -1 1
18 222 -1 1
17 222 -1 1
16 222 -1 1
15 222 -1 1
14 222 -1 1
13 222 -1 1
12 222 -1 1
11 222 -1 1
10 222 -1 1
9 222 -1 1
8 222 -1 1
7 222 -1 1
162 221 -1 1
161 221 -1 1
160 221 -1 1
159 221 -1 1
158 221 -1 1
157 221 -1 1
156 221 -1 1
155 221 -1 1
154 221 -1 1
153 221 -1 1
152 221 -1 1
151 221 -1 1
150 221 -1 1
19 221 -1 1
18 221 -1 1
17 221 -1 1
16 221 -1 1
15 221 -1 1
14 221 -1 1
13 221 -1 1
12 221 -1 1
11 221 -1 1
10 221 -1 1
9 221 -1 1
8 221 -1 1
7 221 -1 1
162 220 -1 1
161 220 -1 1
160 220 -1 1
159 220 -1 1
158 220 -1 1
157 220 -1 1
156 220 -1 1
155 220 -1 1
154 220 -1 1
153 220 -1 1
152 220 -1 1
151 220 -1 1
150 220 -1 1
149 220 -1 1
148 220 -1 1
147 220 -1 1
20 220 -1 1
19 220 -1 1
18 220 -1 1
17 220 -1 1
16 220 -1 1
15 220 -1 1
14 220 -1 1
13 220 -1 1
12 220 -1 1
11 220 -1 1
10 220 -1 1
9 220 -1 1
8 220 -1 1
7 220 -1 1
162 219 -1 1
161 219 -1 1
160 219 -1 1
159 219 -1 1
158 219 -1 1
157 219 -1 1
156 219 -1 1
155 219 -1 1
154 219 -1 1
153 219 -1 1
152 219 -1 1
151 219 -1 1
150 219 -1 1
149 219 -1 1
148 219 -1 1
147 219 -1 1
146 219 -1 1
145 219 -1 1
20 219 -1 1
19 219 -1 1
18 219 -1 1
17 219 -1 1
16 219 -1 1
15 219 -1 1
14 219 -1 1
13 219 -1 1
12 219 -1 1
11 219 -1 1
10 219 -1 1
9 219 -1 1
8 219 -1 1
163 218 -1 1
162 218 -1 1
161 218 -1 1
160 218 -1 1
159 218 -1 1
158 218 -1 1
157 218 -1 1
156 218 -1 1
155 218 -1 1
154 218 -1 1
153 218 -1 1
152 218 -1 1
151 218 -1 1
150 218 -1 1
149 218 -1 1
148 218 -1 1
147 218 -1 1
146 218 -1 1
145 218 -1 1
144 218 -1 1
143 218 -1 1
21 218 -1 1
20 218 -1 1
19 218 -1 1
18 218 -1 1
17 218 -1 1
16 218 -1 1
15 218 -1 1
14 218 -1 1
13 218 -1 1
12 218 -1 1
11 218 -1 1
10 218 -1 1
9 218 -1 1
162 217 -1 1
161 217 -1 1
160 217 -1 1
159 217 -1 1
158 217 -1 1
157 217 -1 1
156 217 -1 1
155 217 -1 1
154 217 -1 1
153 217 -1 1
152 217 -1 1
151 217 -1 1
150 217 -1 1
149 217 -1 1
148 217 -1 1
147 217 -1 1
146 217 -1 1
145 217 -1 1
144 217 -1 1
143 217 -1 1
142 217 -1 1
21 217 -1 1
20 217 -1 1
19 217 -1 1
18 217 -1 1
17 217 -1 1
16 217 -1 1
15 217 -1 1
14 217 -1 1
13 217 -1 1
12 217 -1 1
11 217 -1 1
10 217 -1 1
162 216 -1 1
161 216 -1 1
160 216 -1 1
159 216 -1 1
158 216 -1 1
157 216 -1 1
156 216 -1 1
155 216 -1 1
154 216 -1 1
153 216 -1 1
152 216 -1 1
151 216 -1 1
150 216 -1 1
149 216 -1 1
148 216 -1 1
147 216 -1 1
146 216 -1 1
145 216 -1 1
144 216 -1 1
143 216 -1 1
142 216 -1 1
141 216 -1 1
21 216 -1 1
20 216 -1 1
19 216 -1 1
18 216 -1 1
17 216 -1 1
16 216 -1 1
15 216 -1 1
14 216 -1 1
13 216 -1 1
12 216 -1 1
11 216 -1 1
10 216 -1 1
162 215 -1 1
161 215 -1 1
160 215 -1 1
159 215 -1 1
158 215 -1 1
157 215 -1 1
156 215 -1 1
155 215 -1 1
154 215 -1 1
153 215 -1 1
152 215 -1 1
151 215 -1 1
150 215 -1 1
149 215 -1 1
148 215 -1 1
147 215 -1 1
146 215 -1 1
145 215 -1 1
144 215 -1 1
143 215 -1 1
142 215 -1 1
141 215 -1 1
140 215 -1 1
22 215 -1 1
21 215 -1 1
20 215 -1 1
19 215 -1 1
18 215 -1 1
17 215 -1 1
16 215 -1 1
15 215 -1 1
14 215 -1 1
13 215 -1 1
12 215 -1 1
11 215 -1 1
161 214 -1 1
160 214 -1 1
159 214 -1 1
158 214 -1 1
157 214 -1 1
156 214 -1 1
155 214 -1 1
154 214 -1 1
153 214 -1 1
152 214 -1 1
151 214 -1 1
150 214 -1 1
149 214 -1 1
148 214 -1 1
147 214 -1 1
146 214 -1 1
145 214 -1 1
144 214 -1 1
143 214 -1 1
142 214 -1 1
141 214 -1 1
140 214 -1 1
22 214 -1 1
21 214 -1 1
20 214 -1 1
19 214 -1 1
18 214 -1 1
17 214 -1 1
16 214 -1 1
15 214 -1 1
14 214 -1 1
13 214 -1 1
12 214 -1 1
160 213 -1 1
159 213 -1 1
158 213 -1 1
157 213 -1 1
156 213 -1 1
155 213 -1 1
154 213 -1 1
153 213 -1 1
152 213 -1 1
151 213 -1 1
150 213 -1 1
149 213 -1 1
148 213 -1 1
147 213 -1 1
146 213 -1 1
145 213 -1 1
144 213 -1 1
143 213 -1 1
142 213 -1 1
141 213 -1 1
140 213 -1 1
139 213 -1 1
22 213 -1 1
21 213 -1 1
20 213 -1 1
19 213 -1 1
18 213 -1 1
17 213 -1 1
16 213 -1 1
15 213 -1 1
14 213 -1 1
13 213 -1 1
12 213 -1 1
157 212 -1 1
156 212 -1 1
155 212 -1 1
154 212 -1 1
153 212 -1 1
152 212 -1 1
151 212 -1 1
150 212 -1 1
149 212 -1 1
148 212 -1 1
147 212 -1 1
146 212 -1 1
145 212 -1 1
144 212 -1 1
143 212 -1 1
142 212 -1 1
141 212 -1 1
140 212 -1 1
139 212 -1 1
17 212 -1 1
16 212 -1 1
15 212 -1 1
14 212 -1 1
13 212 -1 1
12 212 -1 1
154 211 -1 1
153 211 -1 1
152 211 -1 1
151 211 -1 1
150 211 -1 1
149 211 -1 1
148 211 -1 1
147 211 -1 1
146 211 -1 1
145 211 -1 1
144 211 -1 1
143 211 -1 1
142 211 -1 1
141 211 -1 1
140 211 -1 1
139 211 -1 1
14 211 -1 1
13 211 -1 1
12 211 -1 1
151 210 -1 1
150 210 -1 1
149 210 -1 1
148 210 -1 1
147 210 -1 1
146 210 -1 1
145 210 -1 1
144 210 -1 1
143 210 -1 1
142 210 -1 1
141 210 -1 1
140 210 -1 1
139 210 -1 1
138 210 -1 1
149 209 -1 1
148 209 -1 1
147 209 -1 1
146 209 -1 1
145 209 -1 1
144 209 -1 1
143 209 -1 1
142 209 -1 1
141 209 -1 1
140 209 -1 1
139 209 -1 1
138 209 -1 1
148 208 -1 1
147 208 -1 1
146 208 -1 1
145 208 -1 1
144 208 -1 1
143 208 -1 1
142 208 -1 1
141 208 -1 1
140 208 -1 1
139 208 -1 1
138 208 -1 1
148 207 -1 1
147 207 -1 1
146 207 -1 1
145 207 -1 1
144 207 -1 1
143 207 -1 1
142 207 -1 1
141 207 -1 1
140 207 -1 1
139 207 -1 1
138 207 -1 1
148 206 -1 1
147 206 -1 1
146 206 -1 1
145 206 -1 1
144 206 -1 1
143 206 -1 1
142 206 -1 1
141 206 -1 1
140 206 -1 1
139 206 -1 1
138 206 -1 1
149 205 -1 1
148 205 -1 1
147 205 -1 1
146 205 -1 1
145 205 -1 1
144 205 -1 1
143 205 -1 1
142 205 -1 1
141 205 -1 1
140 205 -1 1
139 205 -1 1
138 205 -1 1
149 204 -1 1
148 204 -1 1
147 204 -1 1
146 204 -1 1
145 204 -1 1
144 204 -1 1
143 204 -1 1
142 204 -1 1
141 204 -1 1
140 204 -1 1
139 204 -1 1
138 204 -1 1
149 203 -1 1
148 203 -1 1
147 203 -1 1
146 203 -1 1
145 203 -1 1
144 203 -1 1
143 203 -1 1
142 203 -1 1
141 203 -1 1
140 203 -1 1
139 203 -1 1
150 202 -1 1
149 202 -1 1
148 202 -1 1
147 202 -1 1
146 202 -1 1
145 202 -1 1
144 202 -1 1
143 202 -1 1
142 202 -1 1
141 202 -1 1
140 202 -1 1
139 202 -1 1
150 201 -1 1
149 201 -1 1
148 201 -1 1
147 201 -1 1
146 201 -1 1
145 201 -1 1
144 201 -1 1
143 201 -1 1
142 201 -1 1
141 201 -1 1
140 201 -1 1
139 201 -1 1
150 200 -1 1
149 200 -1 1
148 200 -1 1
147 200 -1 1
146 200 -1 1
145 200 -1 1
144 200 -1 1
143 200 -1 1
142 200 -1 1
141 200 -1 1
140 200 -1 1
151 199 -1 1
150 199 -1 1
149 199 -1 1
148 199 -1 1
147 199 -1 1
146 199 -1 1
145 199 -1 1
144 199 -1 1
143 199 -1 1
142 199 -1 1
141 199 -1 1
140 199 -1 1
151 198 -1 1
150 198 -1 1
149 198 -1 1
148 198 -1 1
147 198 -1 1
146 198 -1 1
145 198 -1 1
144 198 -1 1
143 198 -1 1
142 198 -1 1
141 198 -1 1
151 197 -1 1
150 197 -1 1
149 197 -1 1
148 197 -1 1
147 197 -1 1
146 197 -1 1
145 197 -1 1
144 197 -1 1
143 197 -1 1
142 197 -1 1
141 197 -1 1
151 196 -1 1
150 196 -1 1
149 196 -1 1
148 196 -1 1
147 196 -1 1
146 196 -1 1
145 196 -1 1
144 196 -1 1
143 196 -1 1
142 196 -1 1
141 196 -1 1
151 195 -1 1
150 195 -1 1
149 195 -1 1
148 195 -1 1
147 195 -1 1
146 195 -1 1
145 195 -1 1
144 195 -1 1
143 195 -1 1
142 195 -1 1
141 195 -1 1
140 195 -1 1
151 194 -1 1
150 194 -1 1
149 194 -1 1
148 194 -1 1
147 194 -1 1
146 194 -1 1
145 194 -1 1
144 194 -1 1
143 194 -1 1
142 194 -1 1
141 194 -1 1
140 194 -1 1
150 193 -1 1
149 193 -1 1
148 193 -1 1
147 193 -1 1
146 193 -1 1
145 193 -1 1
144 193 -1 1
143 193 -1 1
142 193 -1 1
141 193 -1 1
140 193 -1 1
139 193 -1 1
150 192 -1 1
149 192 -1 1
148 192 -1 1
147 192 -1 1
146 192 -1 1
145 192 -1 1
144 192 -1 1
143 192 -1 1
142 192 -1 1
141 192 -1 1
140 192 -1 1
139 192 -1 1
150 191 -1 1
149 191 -1 1
148 191 -1 1
147 191 -1 1
146 191 -1 1
145 191 -1 1
144 191 -1 1
143 191 -1 1
142 191 -1 1
141 191 -1 1
140 191 -1 1
139 191 -1 1
138 191 -1 1
149 190 -1 1
148 190 -1 1
147 190 -1 1
146 190 -1 1
145 190 -1 1
144 190 -1 1
143 190 -1 1
142 190 -1 1
141 190 -1 1
140 190 -1 1
139 190 -1 1
138 190 -1 1
137 190 -1 1
149 189 -1 1
148 189 -1 1
147 189 -1 1
146 189 -1 1
145 189 -1 1
144 189 -1 1
143 189 -1 1
142 189 -1 1
141 189 -1 1
140 189 -1 1
139 189 -1 1
138 189 -1 1
137 189 -1 1
136 189 -1 1
148 188 -1 1
147 188 -1 1
146 188 -1 1
145 188 -1 1
144 188 -1 1
143 188 -1 1
142 188 -1 1
141 188 -1 1
140 188 -1 1
139 188 -1 1
138 188 -1 1
137 188 -1 1
136 188 -1 1
148 187 -1 1
147 187 -1 1
146 187 -1 1
145 187 -1 1
144 187 -1 1
143 187 -1 1
142 187 -1 1
141 187 -1 1
140 187 -1 1
139 187 -1 1
138 187 -1 1
137 187 -1 1
136 187 -1 1
135 187 -1 1
147 186 -1 1
146 186 -1 1
145 186 -1 1
144 186 -1 1
143 186 -1 1
142 186 -1 1
141 186 -1 1
140 186 -1 1
139 186 -1 1
138 186 -1 1
137 186 -1 1
136 186 -1 1
135 186 -1 1
134 186 -1 1
147 185 -1 1
146 185 -1 1
145 185 -1 1
144 185 -1 1
143 185 -1 1
142 185 -1 1
141 185 -1 1
140 185 -1 1
139 185 -1 1
138 185 -1 1
137 185 -1 1
136 185 -1 1
135 185 -1 1
134 185 -1 1
133 185 -1 1
146 184 -1 1
145 184 -1 1
144 184 -1 1
143 184 -1 1
142 184 -1 1
141 184 -1 1
140 184 -1 1
139 184 -1 1
138 184 -1 1
137 184 -1 1
136 184 -1 1
135 184 -1 1
134 184 -1 1
133 184 -1 1
132 184 -1 1
131 184 -1 1
145 183 -1 1
144 183 -1 1
143 183 -1 1
142 183 -1 1
141 183 -1 1
140 183 -1 1
139 183 -1 1
138 183 -1 1
137 183 -1 1
136 183 -1 1
135 183 -1 1
134 183 -1 1
133 183 -1 1
132 183 -1 1
131 183 -1 1
130 183 -1 1
144 182 -1 1
143 182 -1 1
142 182 -1 1
141 182 -1 1
140 182 -1 1
139 182 -1 1
138 182 -1 1
137 182 -1 1
136 182 -1 1
135 182 -1 1
134 182 -1 1
133 182 -1 1
132 182 -1 1
131 182 -1 1
130 182 -1 1
129 182 -1 1
144 181 -1 1
143 181 -1 1
142 181 -1 1
141 181 -1 1
140 181 -1 1
139 181 -1 1
138 181 -1 1
137 181 -1 1
136 181 -1 1
135 181 -1 1
134 181 -1 1
133 181 -1 1
132 181 -1 1
131 181 -1 1
130 181 -1 1
129 181 -1 1
128 181 -1 1
143 180 -1 1
142 180 -1 1
141 180 -1 1
140 180 -1 1
139 180 -1 1
138 180 -1 1
137 180 -1 1
136 180 -1 1
135 180 -1 1
134 180 -1 1
133 180 -1 1
132 180 -1 1
131 180 -1 1
130 180 -1 1
129 180 -1 1
128 180 -1 1
127 180 -1 1
142 179 -1 1
141 179 -1 1
140 179 -1 1
139 179 -1 1
138 179 -1 1
137 179 -1 1
136 179 -1 1
135 179 -1 1
134 179 -1 1
133 179 -1 1
132 179 -1 1
131 179 -1 1
130 179 -1 1
129 179 -1 1
128 179 -1 1
127 179 -1 1
141 178 -1 1
140 178 -1 1
139 178 -1 1
138 178 -1 1
137 178 -1 1
136 178 -1 1
135 178 -1 1
134 178 -1 1
133 178 -1 1
132 178 -1 1
131 178 -1 1
130 178 -1 1
129 178 -1 1
128 178 -1 1
127 178 -1 1
140 177 -1 1
139 177 -1 1
138 177 -1 1
137 177 -1 1
136 177 -1 1
135 177 -1 1
134 177 -1 1
133 177 -1 1
132 177 -1 1
131 177 -1 1
130 177 -1 1
129 177 -1 1
128 177 -1 1
127 177 -1 1
126 177 -1 1
209 176 -1 1
208 176 -1 1
207 176 -1 1
138 176 -1 1
137 176 -1 1
136 176 -1 1
135 176 -1 1
134 176 -1 1
133 176 -1 1
132 176 -1 1
131 176 -1 1
130 176 -1 1
129 176 -1 1
128 176 -1 1
127 176 -1 1
126 176 -1 1
212 175 -1 1
211 175 -1 1
210 175 -1 1
209 175 -1 1
208 175 -1 1
207 175 -1 1
206 175 -1 1
205 175 -1 1
204 175 -1 1
203 175 -1 1
137 175 -1 1
136 175 -1 1
135 175 -1 1
134 175 -1 1
133 175 -1 1
132 175 -1 1
131 175 -1 1
130 175 -1 1
129 175 -1 1
128 175 -1 1
127 175 -1 1
213 174 -1 1
212 174 -1 1
211 174 -1 1
210 174 -1 1
209 174 -1 1
208 174 -1 1
207 174 -1 1
206 174 -1 1
205 174 -1 1
204 174 -1 1
203 174 -1 1
202 174 -1 1
201 174 -1 1
200 174 -1 1
136 174 -1 1
135 174 -1 1
134 174 -1 1
133 174 -1 1
132 174 -1 1
131 174 -1 1
130 174 -1 1
129 174 -1 1
128 174 -1 1
127 174 -1 1
213 173 -1 1
212 173 -1 1
211 173 -1 1
210 173 -1 1
209 173 -1 1
208 173 -1 1
207 173 -1 1
206 173 -1 1
205 173 -1 1
204 173 -1 1
203 173 -1 1
202 173 -1 1
201 173 -1 1
200 173 -1 1
199 173 -1 1
198 173 -1 1
197 173 -1 1
196 173 -1 1
135 173 -1 1
134 173 -1 1
133 173 -1 1
132 173 -1 1
131 173 -1 1
130 173 -1 1
129 173 -1 1
128 173 -1 1
127 173 -1 1
213 172 -1 1
212 172 -1 1
211 172 -1 1
210 172 -1 1
209 172 -1 1
208 172 -1 1
207 172 -1 1
206 172 -1 1
205 172 -1 1
204 172 -1 1
203 172 -1 1
202 172 -1 1
201 172 -1 1
200 172 -1 1
199 172 -1 1
198 172 -1 1
197 172 -1 1
196 172 -1 1
195 172 -1 1
194 172 -1 1
193 172 -1 1
134 172 -1 1
133 172 -1 1
132 172 -1 1
131 172 -1 1
130 172 -1 1
129 172 -1 1
128 172 -1 1
214 171 -1 1
213 171 -1 1
212 171 -1 1
211 171 -1 1
210 171 -1 1
209 171 -1 1
208 171 -1 1
207 171 -1 1
206 171 -1 1
205 171 -1 1
204 171 -1 1
203 171 -1 1
202 171 -1 1
201 171 -1 1
200 171 -1 1
199 171 -1 1
198 171 -1 1
197 171 -1 1
196 171 -1 1
195 171 -1 1
194 171 -1 1
193 171 -1 1
192 171 -1 1
191 171 -1 1
131 171 -1 1
213 170 -1 1
212 170 -1 1
211 170 -1 1
210 170 -1 1
209 170 -1 1
208 170 -1 1
207 170 -1 1
206 170 -1 1
205 170 -1 1
204 170 -1 1
203 170 -1 1
202 170 -1 1
201 170 -1 1
200 170 -1 1
199 170 -1 1
198 170 -1 1
197 170 -1 1
196 170 -1 1
195 170 -1 1
194 170 -1 1
193 170 -1 1
192 170 -1 1
191 170 -1 1
190 170 -1 1
189 170 -1 1
188 170 -1 1
213 169 -1 1
212 169 -1 1
211 169 -1 1
210 169 -1 1
209 169 -1 1
208 169 -1 1
207 169 -1 1
206 169 -1 1
205 169 -1 1
204 169 -1 1
203 169 -1 1
202 169 -1 1
201 169 -1 1
200 169 -1 1
199 169 -1 1
198 169 -1 1
197 169 -1 1
196 169 -1 1
195 169 -1 1
194 169 -1 1
193 169 -1 1
192 169 -1 1
213 168 -1 1
212 168 -1 1
211 168 -1 1
210 168 -1 1
209 168 -1 1
208 168 -1 1
207 168 -1 1
206 168 -1 1
205 168 -1 1
204 168 -1 1
203 168 -1 1
202 168 -1 1
201 168 -1 1
200 168 -1 1
199 168 -1 1
198 168 -1 1
197 168 -1 1
196 168 -1 1
212 167 -1 1
211 167 -1 1
210 167 -1 1
209 167 -1 1
208 167 -1 1
207 167 -1 1
206 167 -1 1
205 167 -1 1
204 167 -1 1
203 167 -1 1
202 167 -1 1
201 167 -1 1
200 167 -1 1
199 167 -1 1
211 166 -1 1
210 166 -1 1
209 166 -1 1
208 166 -1 1
207 166 -1 1
206 166 -1 1
205 166 -1 1
204 166 -1 1
203 166 -1 1
202 166 -1 1
201 166 -1 1
200 166 -1 1
208 165 -1 1
207 165 -1 1
206 165 -1 1
205 165 -1 1
204 165 -1 1
203 165 -1 1
202 165 -1 1
201 165 -1 1
205 164 -1 1
204 164 -1 1
203 164 -1 1
202 164 -1 1
151 150 -1 1
150 150 -1 1
156 149 -1 1
155 149 -1 1
154 149 -1 1
153 149 -1 1
152 149 -1 1
151 149 -1 1
150 149 -1 1
149 149 -1 1
148 149 -1 1
147 149 -1 1
159 148 -1 1
158 148 -1 1
157 148 -1 1
156 148 -1 1
155 148 -1 1
154 148 -1 1
153 148 -1 1
152 148 -1 1
151 148 -1 1
150 148 -1 1
149 148 -1 1
148 148 -1 1
147 148 -1 1
146 148 -1 1
161 147 -1 1
160 147 -1 1
159 147 -1 1
158 147 -1 1
157 147 -1 1
156 147 -1 1
155 147 -1 1
154 147 -1 1
153 147 -1 1
152 147 -1 1
151 147 -1 1
150 147 -1 1
149 147 -1 1
148 147 -1 1
147 147 -1 1
146 147 -1 1
164 146 -1 1
163 146 -1 1
162 146 -1 1
161 146 -1 1
160 146 -1 1
159 146 -1 1
158 146 -1 1
157 146 -1 1
156 146 -1 1
155 146 -1 1
154 146 -1 1
153 146 -1 1
152 146 -1 1
151 146 -1 1
150 146 -1 1
149 146 -1 1
148 146 -1 1
147 146 -1 1
146 146 -1 1
167 145 -1 1
166 145 -1 1
165 145 -1 1
164 145 -1 1
163 145 -1 1
162 145 -1 1
161 145 -1 1
160 145 -1 1
159 145 -1 1
158 145 -1 1
157 145 -1 1
156 145 -1 1
155 145 -1 1
154 145 -1 1
153 145 -1 1
152 145 -1 1
151 145 -1 1
150 145 -1 1
149 145 -1 1
148 145 -1 1
147 145 -1 1
146 145 -1 1
145 145 -1 1
209 144 -1 1
168 144 -1 1
167 144 -1 1
166 144 -1 1
165 144 -1 1
164 144 -1 1
163 144 -1 1
162 144 -1 1
161 144 -1 1
160 144 -1 1
159 144 -1 1
158 144 -1 1
157 144 -1 1
156 144 -1 1
155 144 -1 1
154 144 -1 1
153 144 -1 1
152 144 -1 1
151 144 -1 1
150 144 -1 1
149 144 -1 1
148 144 -1 1
147 144 -1 1
146 144 -1 1
212 143 -1 1
211 143 -1 1
210 143 -1 1
209 143 -1 1
208 143 -1 1
207 143 -1 1
206 143 -1 1
168 143 -1 1
167 143 -1 1
166 143 -1 1
165 143 -1 1
164 143 -1 1
163 143 -1 1
162 143 -1 1
161 143 -1 1
160 143 -1 1
159 143 -1 1
158 143 -1 1
157 143 -1 1
156 143 -1 1
155 143 -1 1
154 143 -1 1
153 143 -1 1
152 143 -1 1
151 143 -1 1
150 143 -1 1
149 143 -1 1
148 143 -1 1
147 143 -1 1
146 143 -1 1
213 142 -1 1
212 142 -1 1
211 142 -1 1
210 142 -1 1
209 142 -1 1
208 142 -1 1
207 142 -1 1
206 142 -1 1
205 142 -1 1
168 142 -1 1
167 142 -1 1
166 142 -1 1
165 142 -1 1
164 142 -1 1
163 142 -1 1
162 142 -1 1
161 142 -1 1
160 142 -1 1
159 142 -1 1
158 142 -1 1
157 142 -1 1
156 142 -1 1
155 142 -1 1
154 142 -1 1
153 142 -1 1
152 142 -1 1
151 142 -1 1
150 142 -1 1
149 142 -1 1
148 142 -1 1
147 142 -1 1
146 142 -1 1
214 141 -1 1
213 141 -1 1
212 141 -1 1
211 141 -1 1
210 141 -1 1
209 141 -1 1
208 141 -1 1
207 141 -1 1
206 141 -1 1
205 141 -1 1
169 141 -1 1
168 141 -1 1
167 141 -1 1
166 141 -1 1
165 141 -1 1
164 141 -1 1
163 141 -1 1
162 141 -1 1
161 141 -1 1
160 141 -1 1
159 141 -1 1
158 141 -1 1
157 141 -1 1
156 141 -1 1
155 141 -1 1
154 141 -1 1
153 141 -1 1
152 141 -1 1
151 141 -1 1
150 141 -1 1
149 141 -1 1
148 141 -1 1
147 141 -1 1
215 140 -1 1
214 140 -1 1
213 140 -1 1
212 140 -1 1
211 140 -1 1
210 140 -1 1
209 140 -1 1
208 140 -1 1
207 140 -1 1
206 140 -1 1
205 140 -1 1
168 140 -1 1
167 140 -1 1
166 140 -1 1
165 140 -1 1
164 140 -1 1
163 140 -1 1
162 140 -1 1
161 140 -1 1
160 140 -1 1
159 140 -1 1
158 140 -1 1
157 140 -1 1
156 140 -1 1
155 140 -1 1
154 140 -1 1
153 140 -1 1
152 140 -1 1
151 140 -1 1
150 140 -1 1
149 140 -1 1
148 140 -1 1
216 139 -1 1
215 139 -1 1
214 139 -1 1
213 139 -1 1
212 139 -1 1
211 139 -1 1
210 139 -1 1
209 139 -1 1
208 139 -1 1
207 139 -1 1
206 139 -1 1
205 139 -1 1
204 139 -1 1
168 139 -1 1
167 139 -1 1
166 139 -1 1
165 139 -1 1
164 139 -1 1
163 139 -1 1
162 139 -1 1
161 139 -1 1
160 139 -1 1
159 139 -1 1
158 139 -1 1
157 139 -1 1
156 139 -1 1
155 139 -1 1
154 139 -1 1
153 139 -1 1
152 139 -1 1
151 139 -1 1
216 138 -1 1
215 138 -1 1
214 138 -1 1
213 138 -1 1
212 138 -1 1
211 138 -1 1
210 138 -1 1
209 138 -1 1
208 138 -1 1
207 138 -1 1
206 138 -1 1
205 138 -1 1
204 138 -1 1
168 138 -1 1
167 138 -1 1
166 138 -1 1
165 138 -1 1
164 138 -1 1
163 138 -1 1
162 138 -1 1
161 138 -1 1
160 138 -1 1
159 138 -1 1
158 138 -1 1
157 138 -1 1
156 138 -1 1
155 138 -1 1
217 137 -1 1
216 137 -1 1
215 137 -1 1
214 137 -1 1
213 137 -1 1
212 137 -1 1
211 137 -1 1
210 137 -1 1
209 137 -1 1
208 137 -1 1
207 137 -1 1
206 137 -1 1
205 137 -1 1
167 137 -1 1
166 137 -1 1
165 137 -1 1
164 137 -1 1
163 137 -1 1
162 137 -1 1
161 137 -1 1
160 137 -1 1
159 137 -1 1
158 137 -1 1
157 137 -1 1
217 136 -1 1
216 136 -1 1
215 136 -1 1
214 136 -1 1
213 136 -1 1
212 136 -1 1
211 136 -1 1
210 136 -1 1
209 136 -1 1
208 136 -1 1
207 136 -1 1
206 136 -1 1
205 136 -1 1
164 136 -1 1
163 136 -1 1
162 136 -1 1
161 136 -1 1
160 136 -1 1
218 135 -1 1
217 135 -1 1
216 135 -1 1
215 135 -1 1
214 135 -1 1
213 135 -1 1
212 135 -1 1
211 135 -1 1
210 135 -1 1
209 135 -1 1
208 135 -1 1
207 135 -1 1
206 135 -1 1
205 135 -1 1
218 134 -1 1
217 134 -1 1
216 134 -1 1
215 134 -1 1
214 134 -1 1
213 134 -1 1
212 134 -1 1
211 134 -1 1
210 134 -1 1
209 134 -1 1
208 134 -1 1
207 134 -1 1
206 134 -1 1
219 133 -1 1
218 133 -1 1
217 133 -1 1
216 133 -1 1
215 133 -1 1
214 133 -1 1
213 133 -1 1
212 133 -1 1
211 133 -1 1
210 133 -1 1
209 133 -1 1
208 133 -1 1
207 133 -1 1
219 132 -1 1
218 132 -1 1
217 132 -1 1
216 132 -1 1
215 132 -1 1
214 132 -1 1
213 132 -1 1
212 132 -1 1
211 132 -1 1
210 132 -1 1
209 132 -1 1
208 132 -1 1
219 131 -1 1
218 131 -1 1
217 131 -1 1
216 131 -1 1
215 131 -1 1
214 131 -1 1
213 131 -1 1
212 131 -1 1
211 131 -1 1
210 131 -1 1
209 131 -1 1
208 131 -1 1
220 130 -1 1
219 130 -1 1
218 130 -1 1
217 130 -1 1
216 130 -1 1
215 130 -1 1
214 130 -1 1
213 130 -1 1
212 130 -1 1
211 130 -1 1
210 130 -1 1
209 130 -1 1
221 129 -1 1
220 129 -1 1
219 129 -1 1
218 129 -1 1
217 129 -1 1
216 129 -1 1
215 129 -1 1
214 129 -1 1
213 129 -1 1
212 129 -1 1
211 129 -1 1
210 129 -1 1
222 128 -1 1
221 128 -1 1
220 128 -1 1
219 128 -1 1
218 128 -1 1
217 128 -1 1
216 128 -1 1
215 128 -1 1
214 128 -1 1
213 128 -1 1
212 128 -1 1
211 128 -1 1
210 128 -1 1
223 127 -1 1
222 127 -1 1
221 127 -1 1
220 127 -1 1
219 127 -1 1
218 127 -1 1
217 127 -1 1
216 127 -1 1
215 127 -1 1
214 127 -1 1
213 127 -1 1
212 127 -1 1
211 127 -1 1
210 127 -1 1
223 126 -1 1
222 126 -1 1
221 126 -1 1
220 126 -1 1
219 126 -1 1
218 126 -1 1
217 126 -1 1
216 126 -1 1
215 126 -1 1
214 126 -1 1
213 126 -1 1
212 126 -1 1
211 126 -1 1
223 125 -1 1
222 125 -1 1
221 125 -1 1
220 125 -1 1
219 125 -1 1
218 125 -1 1
217 125 -1 1
216 125 -1 1
215 125 -1 1
214 125 -1 1
213 125 -1 1
212 125 -1 1
211 125 -1 1
224 124 -1 1
223 124 -1 1
222 124 -1 1
221 124 -1 1
220 124 -1 1
219 124 -1 1
218 124 -1 1
217 124 -1 1
216 124 -1 1
215 124 -1 1
214 124 -1 1
213 124 -1 1
212 124 -1 1
211 124 -1 1
224 123 -1 1
223 123 -1 1
222 123 -1 1
221 123 -1 1
220 123 -1 1
219 123 -1 1
218 123 -1 1
217 123 -1 1
216 123 -1 1
215 123 -1 1
214 123 -1 1
213 123 -1 1
212 123 -1 1
224 122 -1 1
223 122 -1 1
222 122 -1 1
221 122 -1 1
220 122 -1 1
219 122 -1 1
218 122 -1 1
217 122 -1 1
216 122 -1 1
215 122 -1 1
214 122 -1 1
213 122 -1 1
223 121 -1 1
222 121 -1 1
221 121 -1 1
220 121 -1 1
219 121 -1 1
218 121 -1 1
217 121 -1 1
216 121 -1 1
215 121 -1 1
214 121 -1 1
223 120 -1 1
222 120 -1 1
221 120 -1 1
220 120 -1 1
219 120 -1 1
218 120 -1 1
217 120 -1 1
216 120 -1 1
215 120 -1 1
223 119 -1 1
222 119 -1 1
221 119 -1 1
220 119 -1 1
219 119 -1 1
218 119 -1 1
217 119 -1 1
216 119 -1 1
215 119 -1 1
222 118 -1 1
221 118 -1 1
220 118 -1 1
219 118 -1 1
218 118 -1 1
217 118 -1 1
216 118 -1 1
219 117 -1 1
